world: world
x: -44.921871159515845
y: 77.0
z: 426.3299353197872
yaw: 43.552795
pitch: 8.699973
name: start
