spawns: 
  default: 
    world: world
    x: -44.73184026596653
    y: 77.0
    z: 426.4547740084545
    yaw: -85.59818
    pitch: 45.94849
