geolocation: Canada
uuid: 9f5434b0-d8d6-47ee-b486-3e8b45249d33
timestamps:
  login: 1403133864303
  logout: 1403133909014
ipAddress: 96.48.141.240
lastlocation:
  world: world
  x: -43.5
  y: 122.0
  z: 432.5
  yaw: 0.0
  pitch: 0.0
logoutlocation:
  world: world
  x: -12.800139830905705
  y: 74.0
  z: 409.92500001192093
  yaw: 253.0951
  pitch: -18.749996
