geolocation: United States
uuid: 6fd30497-e0ce-4cbe-938e-32c19a9adfc1
timestamps:
  login: 1403021059437
  logout: 1403021774304
ipAddress: 99.115.8.141
lastlocation:
  world: world
  x: -45.5
  y: 125.0
  z: 425.5
  yaw: 0.0
  pitch: 0.0
logoutlocation:
  world: world
  x: -16.37839447689876
  y: 74.0
  z: 397.7814383251449
  yaw: 133.40286
  pitch: 18.749964
