geolocation: United States
uuid: 8bb6475a-bff9-4624-b017-dfd78dda5072
timestamps:
  login: 1403003165194
  logout: 1403003194164
ipAddress: 24.102.250.156
lastlocation:
  world: world
  x: -38.5
  y: 118.0
  z: 433.5
  yaw: 0.0
  pitch: 0.0
logoutlocation:
  world: world
  x: -41.88124281281514
  y: 76.0
  z: 424.6270136211723
  yaw: -134.33908
  pitch: 21.898638
