geolocation: Australia
uuid: 95f3d944-3d32-4dd9-a9e7-39646d70de08
timestamps:
  login: 1402986252001
  logout: 1402986368517
ipAddress: 147.69.130.76
lastlocation:
  world: world
  x: -51.5
  y: 118.0
  z: 419.5
  yaw: 0.0
  pitch: 0.0
logoutlocation:
  world: world
  x: -49.83197818287523
  y: 74.0
  z: 401.0299201207464
  yaw: -63.10498
  pitch: -36.565002
