geolocation: United States
uuid: 89a0d203-c3c8-440b-884d-ddb7cd69db3c
timestamps:
  login: 1403223347350
  logout: 1403222243726
ipAddress: 98.148.65.54
lastlocation:
  world: world
  x: -44.73184026596653
  y: 77.0
  z: 426.4547740084545
  yaw: -32.914703
  pitch: 12.508686
logoutlocation:
  world: world
  x: 568.5201240174616
  y: 27.0
  z: 518.7651780255995
  yaw: 273.25287
  pitch: 2.9301517
socialspy: false
