geolocation: United States
uuid: 89a0d203-c3c8-440b-884d-ddb7cd69db3c
timestamps:
  login: 1403141116892
  logout: 1403141318209
ipAddress: 98.148.65.54
lastlocation:
  world: world
  x: 19.30000001192093
  y: 94.5
  z: 429.69999998807907
  yaw: 204.90204
  pitch: -28.483393
logoutlocation:
  world: world
  x: -49.13350117266918
  y: 91.0
  z: 425.59799723340404
  yaw: 248.93652
  pitch: 13.656211
