geolocation: United States
uuid: 89a0d203-c3c8-440b-884d-ddb7cd69db3c
timestamps:
  login: 1403223347350
  logout: 1403225952003
ipAddress: 98.148.65.54
lastlocation:
  world: world
  x: -44.73184026596653
  y: 77.0
  z: 426.4547740084545
  yaw: -32.914703
  pitch: 12.508686
logoutlocation:
  world: world
  x: 679.7062891304269
  y: 32.0
  z: 640.3294248359941
  yaw: 182.69409
  pitch: 5.9273252
socialspy: false
