geolocation: Australia
uuid: 4ac31f63-81fa-4ed7-93ff-cf00c14de4e6
timestamps:
  login: 1402989633358
  logout: 1402989716821
ipAddress: 120.144.134.92
lastlocation:
  world: world
  x: -52.5
  y: 118.0
  z: 421.5
  yaw: 0.0
  pitch: 0.0
logoutlocation:
  world: world
  x: -217.6090251463178
  y: 64.0
  z: 269.69999998807907
  yaw: 13.401869
  pitch: 26.748522
