geolocation: United States
uuid: 924d264b-b860-4781-aaa1-f0d822702220
timestamps:
  login: 1403142036569
  logout: 1403140372959
ipAddress: 74.67.133.75
lastlocation:
  world: world
  x: -50.5
  y: 118.0
  z: 419.5
  yaw: 0.0
  pitch: 0.0
logoutlocation:
  world: world
  x: -2059.610673116787
  y: 64.0
  z: 2041.4850404546505
  yaw: -66.42941
  pitch: 3.687933
