uuid: c75bf3ee-6414-444e-9ef5-fe5e41d2856c
timestamps:
  login: 1403226192286
  lastteleport: 1403223773096
  logout: 1403226022022
ipAddress: 71.76.232.78
lastlocation:
  world: world
  x: 3282.432516182001
  y: 72.0
  z: 89.6156849116087
  yaw: 89.60677
  pitch: 42.900024
godmode: true
logoutlocation:
  world: world
  x: -2535.566871096514
  y: 77.92159999847412
  z: 5135.690982090681
  yaw: -67.897545
  pitch: 8.700003
afk: false
