uuid: c75bf3ee-6414-444e-9ef5-fe5e41d2856c
timestamps:
  login: 1403192272317
  lastteleport: 1403145287027
  logout: 1403146645145
ipAddress: 71.76.232.78
lastlocation:
  world: world
  x: 257.58732753086633
  y: 96.21496529310899
  z: 638.1560954411409
  yaw: -164.9044
  pitch: 26.549974
godmode: true
logoutlocation:
  world: world
  x: -198.2367252551957
  y: 77.01045205939391
  z: 580.5985905834109
  yaw: -227.50006
  pitch: 69.30005
afk: true
