uuid: c75bf3ee-6414-444e-9ef5-fe5e41d2856c
timestamps:
  login: 1403223259726
  lastteleport: 1403223773096
  logout: 1403221199147
ipAddress: 71.76.232.78
lastlocation:
  world: world
  x: 3282.432516182001
  y: 72.0
  z: 89.6156849116087
  yaw: 89.60677
  pitch: 42.900024
godmode: true
logoutlocation:
  world: world
  x: 586.1654775960992
  y: 34.0
  z: 484.2506252671963
  yaw: -49.476593
  pitch: -17.273525
afk: true
