geolocation: Canada
uuid: 45e839fd-4767-4551-a3de-55496e88bb0d
timestamps:
  login: 1403143679027
  logout: 1403146437327
ipAddress: 173.238.54.167
lastlocation:
  world: world
  x: -40.5
  y: 118.0
  z: 434.5
  yaw: 0.0
  pitch: 0.0
logoutlocation:
  world: world
  x: -39.78667376997097
  y: 74.0
  z: 413.69737787221106
  yaw: -129.99869
  pitch: 43.79996
nickname: §8Raidan§2Aidan
