geolocation: Canada
uuid: 45e839fd-4767-4551-a3de-55496e88bb0d
timestamps:
  login: 1403223841906
  logout: 1403224265693
ipAddress: 173.238.54.167
lastlocation:
  world: world
  x: -40.5
  y: 118.0
  z: 434.5
  yaw: 0.0
  pitch: 0.0
logoutlocation:
  world: world
  x: -15.858988243782195
  y: 75.0
  z: 464.09030681272725
  yaw: 255.7143
  pitch: 20.399996
nickname: §8Raidan§2Aidan
